		Branch	RegDst	RegWrite 	ALUSrc	MemWr 	MemtoReg 	MemtoRead	Encoding 	Offset
ADD		0		1		1			0		0		0			0			0000 00 	0

SUB		0		1		1			0		0		0			0			0000 00 	0
-------------------------------------------------------------------------------------------------------
ADDI	0		0		1			1		1		0			0			0010 00 	0

LW		0		0		1			1		1		1			1			1000 11 	1
-------------------------------------------------------------------------------------------------------
SW		0		0		0			1		1		0			0			1010 11 	1

AND		0		1		1			0		0		0			0			0000 00 	0
-------------------------------------------------------------------------------------------------------
OR		0		1		1			0		0		0			0			0000 00 	0

ANDI	0		0		1			1		1		0			0			0011 00 	0
-------------------------------------------------------------------------------------------------------
ORI		0		0		1			1		1		0			0			0011 01 	0

SLT		0		1		1			0		0		0			0			0000 00 	0
-------------------------------------------------------------------------------------------------------
SLTI	0		0		1			1		1		0			0			0010 10 	0

BEQ		1		0		0			0		1		0			0			0001 00 	1?
-------------------------------------------------------------------------------------------------------
J		0		0 		0			0		1		0			0			0000 10 	1?

JAL		0		0		0			1		1		0			0			0000 11 	1
-------------------------------------------------------------------------------------------------------
JR		0		D(1)	0			0		0		0			0			0000 00 	0